0.002818 9.3e-05
0.002745 5.5e-05
0.002881 0.000132
0.002747 5.5e-05
0.002884 0.000131
0.002972 0.000221
0.002851 0.000112
0.002591 0.000533
0.002882 0.000132
0.002744 5.5e-05
0.002661 1.9e-05
0.002618 1e-06
0.002852 0.000111
0.002914 0.00015
0.002705 3.7e-05
0.002815 9.4e-05
0.002934 0.000174
0.002583 0.000844
0.00285 0.000113
0.002706 3.7e-05
0.002913 0.000152
0.002744 5.5e-05
0.002617 1e-06
0.002706 3.7e-05
0.002783 7.4e-05
0.002818 9.3e-05
0.00267 1.8e-05
0.002782 7.4e-05
0.00285 0.000113
0.002783 7.4e-05
0.002818 9.3e-05
0.002997 0.000224
0.002985 0.000371
0.002884 0.00013
0.002883 0.000132
0.002908 0.000153
0.002977 0.000197
0.002957 0.000417
0.002881 0.000132
0.002661 1.9e-05
0.002913 0.000151
0.002818 9.3e-05
0.002851 0.000112
0.002912 0.000151
0.002818 9.3e-05
0.002985 0.000371
0.002663 1.9e-05
0.002783 7.4e-05
0.002706 3.7e-05
0.002744 5.5e-05
0.002783 7.4e-05
0.002872 0.000457
0.002851 0.000113
0.002622 1e-06
0.002828 0.000477
0.002912 0.000151
0.002882 0.000132
0.00285 0.000113
0.002817 9.3e-05
0.002783 7.4e-05
0.002745 5.5e-05
0.002705 3.7e-05
0.002664 1.9e-05
0.002617 1e-06
0.002994 0.000223
0.002978 0.000197
0.002825 0.000476
0.002917 0.000437
0.002939 0.000415
0.002912 0.000151
0.002882 0.000132
0.00285 0.000112
0.002817 9.3e-05
0.002783 7.4e-05
0.002745 5.5e-05
0.002706 3.7e-05
0.002663 1.9e-05
0.002615 2e-06
0.002918 0.000438
0.002979 0.000197
0.002911 0.000152
0.002882 0.000132
0.00285 0.000113
0.002817 9.3e-05
0.002783 7.4e-05
0.002745 5.5e-05
0.002706 3.7e-05
0.002663 1.9e-05
0.002616 2e-06
0.002368 0.000743
0.002937 0.000173
0.002911 0.000152
0.002881 0.000132
0.00285 0.000113
0.002817 9.3e-05
0.002782 7.4e-05
0.002744 5.5e-05
0.002704 3.7e-05
0.002664 1.9e-05
0.002617 1e-06
0.002981 0.000346
0.002988 0.000347
0.002996 0.000273
0.002917 0.000437
0.002956 0.000417
0.002911 0.000152
0.002881 0.000132
0.00285 0.000113
0.002817 9.3e-05
0.002782 7.4e-05
0.002744 5.5e-05
0.002704 3.7e-05
0.002662 1.9e-05
0.002617 1e-06
0.002988 0.000248
0.002772 0.000495
0.002871 0.000457
0.002384 0.000621
0.002912 0.00015
0.002881 0.000132
0.002849 0.000113
0.002816 9.3e-05
0.002783 7.4e-05
0.002744 5.5e-05
0.002704 3.7e-05
0.002662 1.9e-05
0.002617 1e-06
0.002993 0.000298
0.002942 0.000168
0.002402 0.000797
0.002912 0.000152
0.00288 0.000132
0.00285 0.000112
0.002816 9.3e-05
0.002783 7.4e-05
0.002745 5.5e-05
0.002705 3.7e-05
0.002662 1.9e-05
0.002617 1e-06
0.002993 0.000248
0.002995 0.000224
0.002957 0.000418
0.002441 0.000827
0.002363 0.000718
0.002378 0.00077
0.00294 0.000167
0.002912 0.000152
0.002881 0.000132
0.002849 0.000113
0.002816 9.3e-05
0.002783 7.4e-05
0.002745 5.5e-05
0.002705 3.7e-05
0.002662 1.9e-05
0.002615 2e-06
0.002994 0.000273
0.002995 0.000273
0.002991 0.000322
0.002402 0.000797
0.002937 0.000173
0.002911 0.000152
0.00288 0.000132
0.002849 0.000113
0.002817 9.3e-05
0.002782 7.4e-05
0.002746 5.5e-05
0.002704 3.7e-05
0.002662 1.9e-05
0.002615 2e-06
0.002918 0.000438
0.002917 0.000438
0.002936 0.000173
0.002911 0.000152
0.002882 0.000132
0.002849 0.000113
0.002817 9.3e-05
0.002783 7.4e-05
0.002745 5.5e-05
0.002705 3.7e-05
0.002661 1.9e-05
0.002616 1e-06
0.002773 0.000495
0.002772 0.000495
0.002997 0.000249
0.002869 0.000457
0.002912 0.000152
0.002882 0.000132
0.002848 0.000113
0.002816 9.3e-05
0.002783 7.4e-05
0.002745 5.5e-05
0.002703 3.7e-05
0.002662 1.9e-05
0.002615 1e-06
0.00299 0.000322
0.002991 0.000322
0.002988 0.000347
0.002591 0.000532
0.002912 0.000152
0.002881 0.000132
0.002848 0.000113
0.002816 9.3e-05
0.002782 7.4e-05
0.002744 5.5e-05
0.002705 3.6e-05
0.002662 1.9e-05
0.002616 1e-06
0.002992 0.000298
0.002825 0.000476
0.002993 0.000298
0.002978 0.000395
0.002912 0.000152
0.00288 0.000132
0.002849 0.000112
0.002816 9.3e-05
0.002782 7.4e-05
0.002744 5.5e-05
0.002704 3.7e-05
0.002662 1.9e-05
0.002616 1e-06
0.002981 0.000371
0.002988 0.000347
0.002978 0.000395
0.002985 0.000371
0.002912 0.000152
0.002881 0.000132
0.002849 0.000112
0.002816 9.3e-05
0.002782 7.4e-05
0.002743 5.5e-05
0.002704 3.7e-05
0.002662 1.9e-05
0.002615 1e-06
0.002825 0.000476
0.002977 0.000395
0.002824 0.000476
0.002445 0.000827
0.002373 0.000645
0.002911 0.000152
0.00288 0.000132
0.002849 0.000112
0.002816 9.3e-05
0.002782 7.4e-05
0.002744 5.5e-05
0.002705 3.6e-05
0.002662 1.9e-05
0.002615 1e-06
0.002872 0.000457
0.002873 0.000457
0.002998 0.000249
0.002942 0.000168
0.002911 0.000152
0.00288 0.000132
0.00285 0.000112
0.002816 9.3e-05
0.002781 7.4e-05
0.002744 5.5e-05
0.002705 3.6e-05
0.002661 1.9e-05
0.002614 2e-06
0.002955 0.000417
0.002979 0.000197
0.002985 0.000371
0.00277 0.000494
0.002976 0.000246
0.002911 0.000152
0.00288 0.000132
0.002848 0.000112
0.002815 9.3e-05
0.002782 7.4e-05
0.002743 5.5e-05
0.002704 3.6e-05
0.002661 1.9e-05
0.002614 2e-06
0.00299 0.000223
0.002942 0.000168
0.002979 0.000197
0.002996 0.000273
0.002824 0.000476
0.002912 0.00015
0.002881 0.000132
0.002849 0.000112
0.002817 9.3e-05
0.002782 7.4e-05
0.002742 5.5e-05
0.002703 3.7e-05
0.002661 1.9e-05
0.002984 0.000371
0.002996 0.000224
0.00291 0.000152
0.00288 0.000132
0.00285 0.000112
0.002816 9.3e-05
0.002782 7.4e-05
0.002744 5.5e-05
0.002703 3.7e-05
0.002661 1.9e-05
0.002613 2e-06
0.002973 0.000395
0.002957 0.000418
0.002917 0.000438
0.002901 0.000153
0.002877 0.000133
0.002849 0.000112
0.002816 9.3e-05
0.002781 7.4e-05
0.002743 5.5e-05
0.002704 3.7e-05
0.00266 1.9e-05
0.002614 1e-06
0.002986 0.000347
0.002997 0.000249
0.002997 0.000249
0.002677 0.000515
0.002988 0.000347
0.002868 0.000134
0.002844 0.000113
0.002815 9.3e-05
0.00278 7.4e-05
0.002743 5.5e-05
0.002703 3.7e-05
0.00266 1.9e-05
0.002614 1e-06
0.002942 0.000168
0.002772 0.000495
0.002996 0.000224
0.002991 0.000322
0.002495 0.000833
0.002843 0.000138
0.002829 0.000115
0.002807 9.4e-05
0.002777 7.4e-05
0.002745 5.5e-05
0.002702 3.7e-05
0.002661 1.9e-05
0.002614 1e-06
0.002972 0.000196
0.002873 0.000457
0.002979 0.000197
0.002943 0.000168
0.002783 9.8e-05
0.002766 7.6e-05
0.00274 5.5e-05
0.002702 3.7e-05
0.002661 1.9e-05
0.002612 2e-06
0.002988 0.000297
0.0029 0.00014
0.002918 0.000438
0.002442 0.000827
0.002732 0.000107
0.002726 8.3e-05
0.002716 5.9e-05
0.002696 3.8e-05
0.00266 1.9e-05
0.002614 1e-06
0.002985 0.000322
0.00237 0.000744
0.002384 0.000768
0.002677 0.000141
0.002674 0.000116
0.002671 9.2e-05
0.002667 6.8e-05
0.002664 4.3e-05
0.002965 0.000369
0.002617 1e-06
0.002984 0.000222
0.002638 0.000222
0.002636 0.000197
0.002631 0.000148
0.002625 0.000124
0.002617 0.000101
0.002615 7.6e-05
0.002991 0.000322
0.002983 0.000371
0.002998 0.000249
0.002578 0.000232
0.002575 0.000207
0.002569 0.000184
0.002978 0.000271
0.002549 6.2e-05
0.002543 3.8e-05
0.002971 0.000345
0.002514 0.000218
0.002512 0.000193
0.002978 0.000296
0.002979 0.000395
0.002993 0.000298
0.002771 0.000494
0.00249 7.2e-05
0.002486 4.8e-05
0.002484 2.3e-05
0.002943 0.000168
0.002995 0.000273
0.002991 0.000322
0.002996 0.000273
0.002873 0.000457
0.002976 0.000395
0.002441 0.000105
0.002435 8.1e-05
0.002431 5.7e-05
0.002427 3.2e-05
0.002773 0.000495
0.002979 0.000197
0.002993 0.000298
0.002967 0.000394
0.002989 0.000347
0.002996 0.000273
0.002996 0.000249
0.002956 0.000417
0.002957 0.000417
0.002382 0.000621
0.002362 0.000693
0.002362 0.000718
0.002997 0.000224
0.002975 0.00037
0.002951 0.000417
0.00233 0.000148
0.002325 0.000124
0.00296 0.000195
0.002311 5.1e-05
0.002306 2.7e-05
0.002916 0.000438
0.00291 0.000437
0.002871 0.000457
0.002993 0.000298
0.002991 0.000322
0.002979 0.000395
0.002943 0.000168
0.002823 0.000476
0.002871 0.000457
0.002291 0.00028
0.002286 0.000255
0.002268 0.000158
0.002265 0.000134
0.002263 0.000109
0.002258 8.5e-05
0.002253 6.1e-05
0.002976 0.000321
0.002366 0.000694
0.002955 0.000393
0.002994 0.000298
0.002443 0.000827
0.002988 0.000347
0.002229 0.000265
0.002226 0.00024
0.002824 0.000476
0.002899 0.00014
0.002216 0.000167
0.002212 0.000143
0.002209 0.000118
0.002206 9.4e-05
0.002203 6.9e-05
0.002942 0.000168
0.00218 0.000273
0.002178 0.000248
0.002175 0.000224
0.002943 0.000168
0.002171 0.000175
0.002168 0.00015
0.002165 0.000126
0.002163 0.000101
0.002161 7.6e-05
0.002989 0.000273
0.002402 0.000797
0.002379 0.00077
0.002367 0.000743
0.002363 0.000718
0.002362 0.000693
0.002365 0.000669
0.002372 0.000645
0.002382 0.000621
0.002825 0.000476
0.002871 0.000457
0.002917 0.000437
0.002957 0.000417
0.002979 0.000395
0.002985 0.000371
0.002988 0.000347
0.002991 0.000322
0.002994 0.000298
0.002995 0.000273
0.002997 0.000249
0.002997 0.000224
0.00298 0.000197
0.002942 0.000167
0.002443 0.000827
0.002402 0.000797
0.002378 0.00077
0.002367 0.000743
0.002362 0.000718
0.002362 0.000693
0.002365 0.000669
0.002371 0.000645
0.002771 0.000494
0.002825 0.000476
0.002871 0.000457
0.002917 0.000437
0.002957 0.000417
0.002979 0.000395
0.002985 0.000371
0.002988 0.000347
0.002991 0.000322
0.002994 0.000298
0.002996 0.000273
0.002998 0.000249
0.002997 0.000224
0.00298 0.000197
0.002943 0.000168
0.002441 0.000827
0.002402 0.000797
0.002379 0.00077
0.002367 0.000743
0.002362 0.000718
0.002362 0.000693
0.002365 0.000669
0.002371 0.000645
0.002386 0.000605
0.002676 0.000515
0.00277 0.000494
0.002824 0.000476
0.00287 0.000457
0.002917 0.000437
0.002957 0.000417
0.002979 0.000395
0.002985 0.000371
0.002989 0.000347
0.002991 0.000322
0.002994 0.000298
0.002996 0.000273
0.002999 0.000249
0.002997 0.000224
0.002979 0.000197
0.002942 0.000167
0.002441 0.000827
0.002401 0.000797
0.002378 0.000769
0.002367 0.000743
0.002361 0.000718
0.002361 0.000693
0.002365 0.000669
0.002751 0.000494
0.002872 0.000457
0.002917 0.000437
0.002958 0.000417
0.002979 0.000395
0.002986 0.000371
0.002989 0.000347
0.002992 0.000322
0.002994 0.000298
0.002997 0.000273
0.002999 0.000249
0.002997 0.000224
0.00298 0.000197
0.002942 0.000167
0.002443 0.000827
0.002401 0.000797
0.002378 0.000769
0.002367 0.000743
0.002361 0.000718
0.002361 0.000693
0.002365 0.000669
0.002634 0.000524
0.00277 0.000494
0.002826 0.000476
0.00287 0.000456
0.002917 0.000437
0.002958 0.000417
0.002979 0.000395
0.002986 0.000371
0.002989 0.000347
0.002991 0.000322
0.002994 0.000298
0.002997 0.000273
0.002999 0.000249
0.002997 0.000224
0.002981 0.000197
0.002941 0.000167
0.002444 0.000827
0.0024 0.000797
0.002377 0.000769
0.002367 0.000743
0.002361 0.000718
0.002361 0.000693
0.002365 0.000669
0.002771 0.000494
0.002824 0.000476
0.002871 0.000457
0.002916 0.000437
0.002958 0.000417
0.002979 0.000395
0.002985 0.000371
0.002988 0.000347
0.002991 0.000322
0.002993 0.000298
0.002996 0.000273
0.002998 0.000249
0.002997 0.000224
0.00298 0.000197
0.002442 0.000827
0.002399 0.000797
0.002377 0.000769
0.002366 0.000743
0.002361 0.000718
0.002361 0.000693
0.002364 0.000668
0.002772 0.000494
0.002824 0.000476
0.002917 0.000437
0.002957 0.000417
0.002979 0.000395
0.002985 0.000371
0.002988 0.000347
0.002991 0.000322
0.002993 0.000298
0.002996 0.000273
0.002997 0.000248
0.002997 0.000224
0.00298 0.000197
0.002941 0.000167
0.002442 0.000827
0.002399 0.000797
0.002377 0.000769
0.002366 0.000743
0.002361 0.000718
0.00236 0.000693
0.002364 0.000668
0.002423 0.000568
0.002873 0.000457
0.002916 0.000437
0.002957 0.000417
0.002979 0.000395
0.002985 0.000371
0.002989 0.000347
0.002991 0.000322
0.002994 0.000298
0.002996 0.000273
0.002998 0.000248
0.002996 0.000223
0.00298 0.000197
0.002941 0.000167
0.002442 0.000827
0.002399 0.000797
0.002376 0.000769
0.002366 0.000743
0.002361 0.000718
0.00236 0.000693
0.002364 0.000668
0.002675 0.000515
0.002772 0.000494
0.002825 0.000476
0.002873 0.000457
0.002917 0.000437
0.002957 0.000417
0.002978 0.000395
0.002985 0.000371
0.002988 0.000347
0.002991 0.000322
0.002993 0.000298
0.002996 0.000273
0.002997 0.000248
0.002996 0.000223
0.002979 0.000197
0.002942 0.000167
0.00244 0.000826
0.002399 0.000797
0.002377 0.000769
0.002366 0.000743
0.002361 0.000718
0.00236 0.000693
0.002364 0.000668
0.002634 0.000524
0.002544 0.000539
0.002772 0.000494
0.002825 0.000476
0.002873 0.000457
0.002917 0.000437
0.002957 0.000417
0.002977 0.000395
0.002984 0.000371
0.002988 0.000347
0.002991 0.000322
0.002994 0.000298
0.002996 0.000273
0.002997 0.000248
0.002995 0.000223
0.002978 0.000196
0.002941 0.000167
0.002439 0.000826
0.002399 0.000797
0.002377 0.000769
0.002366 0.000743
0.002361 0.000718
0.002361 0.000693
0.002364 0.000668
0.002772 0.000494
0.002826 0.000476
0.002873 0.000457
0.002918 0.000437
0.002956 0.000417
0.002976 0.000395
0.002983 0.000371
0.002987 0.000346
0.002991 0.000322
0.002993 0.000297
0.002995 0.000273
0.002995 0.000248
0.002993 0.000223
0.002977 0.000196
0.002937 0.000173
0.002439 0.000826
0.002399 0.000797
0.002377 0.000769
0.002366 0.000743
0.002361 0.000718
0.002361 0.000693
0.002364 0.000668
0.002676 0.000515
0.002714 0.000505
0.002772 0.000494
0.002825 0.000476
0.002873 0.000457
0.002918 0.000437
0.002956 0.000417
0.002972 0.000394
0.002979 0.00037
0.002985 0.000346
0.002988 0.000322
0.002991 0.000297
0.002992 0.000273
0.002992 0.000248
0.00299 0.000223
0.002976 0.000196
0.002937 0.000172
0.002107 1.7e-05
0.002105 4.1e-05
0.002104 6.6e-05
0.002439 0.000826
0.002399 0.000797
0.002377 0.000769
0.002366 0.000743
0.002361 0.000717
0.002361 0.000693
0.002364 0.000668
0.002637 0.000525
0.002542 0.000538
0.002715 0.00051
0.002772 0.000494
0.002824 0.000476
0.002873 0.000457
0.002918 0.000437
0.002954 0.000417
0.002967 0.000394
0.002974 0.00037
0.002979 0.000345
0.002983 0.000321
0.002986 0.000297
0.002987 0.000272
0.002987 0.000247
0.002985 0.000222
0.002974 0.000196
0.002937 0.000172
0.002101 9e-05
0.002439 0.000826
0.002399 0.000797
0.002377 0.000769
0.002366 0.000743
0.002361 0.000717
0.002361 0.000693
0.002364 0.000668
0.002714 0.000509
0.002772 0.000494
0.002825 0.000476
0.002874 0.000457
0.002919 0.000437
0.002948 0.000416
0.00296 0.000393
0.002966 0.000369
0.002971 0.000344
0.002975 0.00032
0.002978 0.000296
0.002979 0.000271
0.002979 0.000246
0.002977 0.000221
0.002969 0.000195
0.002439 0.000826
0.0024 0.000797
0.002377 0.000769
0.002366 0.000743
0.002361 0.000717
0.002361 0.000693
0.002364 0.000668
0.002773 0.000494
0.002824 0.000475
0.002874 0.000457
0.002916 0.000437
0.00294 0.000415
0.002949 0.000391
0.002956 0.000367
0.002961 0.000343
0.002965 0.000319
0.002967 0.000294
0.002969 0.00027
0.002969 0.000245
0.002967 0.00022
0.002961 0.000194
0.002939 0.000167
0.00244 0.000826
0.0024 0.000797
0.002377 0.000769
0.002366 0.000743
0.002361 0.000717
0.002361 0.000693
0.002364 0.000668
0.002772 0.000494
0.002824 0.000475
0.002874 0.000457
0.002911 0.000436
0.002928 0.000414
0.002936 0.00039
0.002943 0.000366
0.002947 0.000341
0.002951 0.000317
0.002954 0.000293
0.002955 0.000268
0.002955 0.000243
0.002954 0.000218
0.00295 0.000193
0.002934 0.000166
0.002439 0.000826
0.002399 0.000797
0.002377 0.000769
0.002366 0.000743
0.002361 0.000717
0.002361 0.000693
0.002364 0.000668
0.002676 0.000515
0.002771 0.000494
0.002824 0.000475
0.002872 0.000456
0.002899 0.000435
0.002912 0.000412
0.00292 0.000388
0.002926 0.000364
0.00293 0.000339
0.002934 0.000315
0.002937 0.000291
0.002938 0.000266
0.002939 0.000241
0.002938 0.000216
0.002935 0.000191
0.002925 0.000165
0.002439 0.000826
0.002399 0.000797
0.002377 0.000769
0.002366 0.000743
0.002361 0.000717
0.002361 0.000693
0.002364 0.000668
0.002424 0.000568
0.002772 0.000494
0.002823 0.000475
0.002862 0.000455
0.002881 0.000433
0.002892 0.000409
0.002899 0.000385
0.002904 0.000361
0.002909 0.000337
0.002912 0.000312
0.002915 0.000288
0.002917 0.000263
0.002917 0.000239
0.002918 0.000214
0.002915 0.000189
0.002908 0.000163
0.002439 0.000826
0.002399 0.000796
0.002377 0.000769
0.002366 0.000743
0.002361 0.000717
0.002361 0.000693
0.002364 0.000668
0.0021 0.000115
0.00277 0.000494
0.002816 0.000474
0.002843 0.000453
0.002857 0.00043
0.002865 0.000406
0.00287 0.000382
0.002874 0.000357
0.002878 0.000333
0.002881 0.000309
0.002884 0.000284
0.002886 0.00026
0.002888 0.000235
0.002889 0.00021
0.002889 0.000186
0.002885 0.00016
0.002872 0.000136
0.002097 0.000139
0.00244 0.000826
0.002398 0.000796
0.002376 0.000769
0.002366 0.000743
0.002361 0.000717
0.002361 0.000693
0.002364 0.000668
0.002764 0.000493
0.002795 0.000472
0.002811 0.000449
0.002816 0.000425
0.002819 0.0004
0.002823 0.000376
0.002826 0.000352
0.002829 0.000327
0.002838 0.000279
0.002839 0.000254
0.002841 0.000229
0.002843 0.000205
0.002846 0.00018
0.002849 0.000156
0.002439 0.000826
0.002399 0.000796
0.002376 0.000769
0.002366 0.000742
0.002361 0.000717
0.002361 0.000693
0.002364 0.000668
0.002715 0.000505
0.002741 0.00049
0.002754 0.000467
0.002758 0.000443
0.002765 0.000394
0.002768 0.000369
0.002772 0.000345
0.002776 0.000321
0.002777 0.000296
0.002781 0.000247
0.002785 0.000223
0.002787 0.000198
0.002789 0.000173
0.002794 0.000149
0.002796 0.000125
0.002716 0.000506
0.002398 0.000796
0.002375 0.000769
0.002366 0.000743
0.00236 0.000717
0.00236 0.000692
0.002592 0.000533
0.002634 0.000524
0.002696 0.000485
0.002703 0.000461
0.002705 0.000436
0.002712 0.000387
0.002715 0.000363
0.002722 0.000289
0.002722 0.000265
0.002726 0.00024
0.002732 0.000216
0.002735 0.000192
0.002743 0.000143
0.002743 0.000118
0.002438 0.000826
0.002399 0.000796
0.002375 0.000769
0.002365 0.000742
0.00236 0.000717
0.00236 0.000692
0.00245 0.000553
0.002644 0.000429
0.002648 0.000405
0.002651 0.00038
0.002652 0.000355
0.002095 0.000164
0.002093 0.000189
0.002663 0.000282
0.002666 0.000258
0.002666 0.000233
0.00267 0.000209
0.002673 0.000184
0.00209 0.000213
0.002439 0.000826
0.002398 0.000796
0.002375 0.000769
0.002365 0.000742
0.00236 0.000717
0.00236 0.000692
0.002364 0.000668
0.002596 0.000423
0.002599 0.000399
0.002601 0.000374
0.002087 0.000238
0.002084 0.000262
0.002081 0.000286
0.002642 3.2e-05
0.00263 5e-06
0.002078 0.000311
0.002396 0.000796
0.002375 0.000769
0.002364 0.000742
0.002359 0.000717
0.002359 0.000692
0.002363 0.000668
0.00238 0.00062
0.002529 0.000415
0.002534 0.000391
0.002537 0.000366
0.002075 0.000335
0.002543 0.000293
0.002549 0.000269
0.002551 0.000244
0.002563 0.000146
0.002567 0.000122
0.00257 9.7e-05
0.002581 2.4e-05
0.002419 0.000823
0.002399 0.000796
0.002375 0.000769
0.002364 0.000742
0.002358 0.000717
0.002359 0.000692
0.002363 0.000668
0.00237 0.000644
0.00238 0.00062
0.002071 0.00036
0.002492 0.000544
0.002404 0.000586
0.002473 0.000383
0.002477 0.000359
0.00248 0.000335
0.00249 0.000261
0.002493 0.000237
0.002497 0.000213
0.002501 0.000188
0.002504 0.000164
0.002506 0.000139
0.002509 0.000115
0.002511 9e-05
0.002519 1.7e-05
0.002368 0.000793
0.002365 0.000767
0.00236 0.000742
0.002356 0.000717
0.002358 0.000692
0.002362 0.000668
0.002371 0.000644
0.002381 0.00062
0.002395 0.000597
0.002067 0.000384
0.002543 0.000539
0.002419 0.000377
0.00242 0.000352
0.002423 0.000328
0.002426 0.000303
0.00243 0.000279
0.002436 0.00023
0.002438 0.000206
0.002443 0.000181
0.002446 0.000157
0.002447 0.000132
0.00245 0.000108
0.002064 0.000408
0.002311 0.000786
0.002314 0.000761
0.002317 0.000737
0.002715 0.000505
0.002328 0.000664
0.002332 0.000639
0.002334 0.000615
0.002335 0.00059
0.00234 0.000541
0.002341 0.000516
0.002061 0.000433
0.002366 0.000321
0.002371 0.000297
0.002373 0.000272
0.002376 0.000248
0.002382 0.000223
0.002385 0.000199
0.002386 0.000174
0.002387 0.00015
0.00239 0.000125
0.002395 0.000101
0.002397 7.6e-05
0.002056 0.000457
0.002052 0.000481
0.002048 0.000506
0.00245 0.000553
0.002258 0.000754
0.002262 0.00073
0.002271 0.000632
0.002272 0.000607
0.002275 0.000583
0.002284 0.000534
0.002285 0.00051
0.002287 0.000485
0.002044 0.00053
0.002312 0.00029
0.002315 0.000265
0.002318 0.000241
0.002332 0.000118
0.002337 9.4e-05
0.002338 6.9e-05
0.002348 2.1e-05
0.002198 0.000747
0.0022 0.000723
0.002207 0.000699
0.00221 0.000649
0.002213 0.000625
0.002217 0.000601
0.002221 0.000576
0.002224 0.000552
0.002226 0.000527
0.002227 0.000502
0.00223 0.000478
0.00239 0.000607
0.002754 0.0005
0.002716 0.000506
0.00226 0.000234
0.002263 0.000209
0.002489 0.000542
0.00228 8.7e-05
0.00229 1.4e-05
0.002143 0.000716
0.002152 0.000642
0.002153 0.000618
0.002157 0.000593
0.002163 0.000569
0.002165 0.000545
0.002168 0.00052
0.002172 0.000496
0.002176 0.000472
0.002178 0.000447
0.002717 0.000506
0.002206 0.000227
0.00221 0.000203
0.002227 5.6e-05
0.002226 3.1e-05
0.002229 6e-06
0.002635 0.000524
0.002592 0.000533
0.002102 0.000636
0.002107 0.000612
0.00211 0.000588
0.002114 0.000563
0.002119 0.000539
0.002122 0.000515
0.002125 0.00049
0.002129 0.000466
0.002133 0.000442
0.002136 0.000417
0.002139 0.000393
0.002143 0.000368
0.002147 0.000344
0.00215 0.00032
0.002153 0.000295
0.002155 0.000271
0.002159 0.000246
0.002161 0.000222
0.002164 0.000197
0.002168 0.000173
0.002179 5e-05
0.002182 2.6e-05
0.002184 1e-06
0.002062 0.000631
0.002066 0.000607
0.00207 0.000583
0.002074 0.000559
0.002078 0.000534
0.002082 0.00051
0.002086 0.000486
0.002089 0.000461
0.002094 0.000437
0.002098 0.000413
0.002101 0.000388
0.002105 0.000364
0.002109 0.000339
0.002111 0.000315
0.002115 0.00029
0.002118 0.000266
0.00212 0.000241
0.002123 0.000217
0.002126 0.000193
0.002129 0.000168
0.002131 0.000144
0.002133 0.000119
0.002136 9.5e-05
0.002138 7e-05
0.00214 4.5e-05
0.002141 2.1e-05
0.002404 0.000587
0.002754 0.0005
0.002494 0.000544
0.002389 0.000607
0.002404 0.000587
0.002425 0.000569
0.00245 0.000552
0.002635 0.000525
0.002677 0.000515
0.002716 0.000506
0.002752 0.000494
0.002378 0.000629
0.002389 0.000607
0.002404 0.000587
0.002425 0.000569
0.002452 0.000553
0.002488 0.000542
0.002541 0.000538
0.002592 0.000533
0.002634 0.000524
0.002677 0.000516
0.002716 0.000505
0.002752 0.000494
0.002369 0.000652
0.002377 0.000629
0.002389 0.000607
0.002404 0.000586
0.002425 0.000568
0.002451 0.000553
0.002491 0.000543
0.002542 0.000538
0.002589 0.000532
0.002635 0.000524
0.002677 0.000516
0.002716 0.000505
0.002752 0.000494
0.002369 0.000652
0.002377 0.000628
0.002388 0.000607
0.002404 0.000586
0.002424 0.000568
0.00245 0.000552
0.002491 0.000543
0.002545 0.000539
0.002589 0.000531
0.002636 0.000525
0.002677 0.000515
0.002716 0.000505
0.002753 0.000497
0.002369 0.000651
0.002377 0.000628
0.002388 0.000606
0.002403 0.000586
0.002424 0.000568
0.00245 0.000553
0.002491 0.000543
0.002544 0.000539
0.002589 0.000532
0.002635 0.000524
0.002678 0.000516
0.002715 0.000505
0.002753 0.000497
0.002369 0.000651
0.002377 0.000628
0.002388 0.000606
0.002403 0.000586
0.002423 0.000568
0.00245 0.000552
0.002493 0.000544
0.002543 0.000539
0.00259 0.000532
0.002635 0.000524
0.002677 0.000516
0.002715 0.000505
0.002752 0.000497
0.002369 0.000651
0.002377 0.000628
0.002388 0.000606
0.002403 0.000586
0.002423 0.000567
0.00245 0.000552
0.002492 0.000543
0.002543 0.000539
0.002589 0.000531
0.002637 0.000525
0.002676 0.000515
0.002716 0.000505
0.002754 0.0005
0.002368 0.000651
0.002376 0.000628
0.002388 0.000606
0.002403 0.000586
0.002423 0.000567
0.00245 0.000552
0.002491 0.000543
0.002544 0.000539
0.002589 0.000531
0.002636 0.000525
0.002677 0.000515
0.002716 0.000505
0.002753 0.000497
0.002035 0.000562
0.002368 0.000651
0.002377 0.000628
0.002388 0.000606
0.002403 0.000586
0.002423 0.000568
0.00245 0.000552
0.002491 0.000543
0.002543 0.000538
0.002591 0.000532
0.002636 0.000525
0.002677 0.000515
0.002716 0.000505
0.002754 0.000497
0.002027 0.000585
0.002368 0.000651
0.002377 0.000628
0.002388 0.000606
0.002403 0.000586
0.002423 0.000568
0.00245 0.000552
0.002491 0.000543
0.002542 0.000538
0.002592 0.000532
0.002634 0.000524
0.002678 0.000516
0.002716 0.000505
0.002754 0.000497
0.002369 0.000651
0.002377 0.000628
0.002388 0.000606
0.002403 0.000586
0.002423 0.000568
0.00245 0.000552
0.00249 0.000543
0.002543 0.000538
0.002591 0.000532
0.002635 0.000524
0.002677 0.000515
0.002716 0.000505
0.002755 0.0005
0.002369 0.000651
0.002377 0.000628
0.002388 0.000606
0.002403 0.000586
0.002423 0.000567
0.00245 0.000552
0.00249 0.000543
0.002544 0.000539
0.002592 0.000532
0.002634 0.000524
0.002678 0.000516
0.002716 0.000505
0.002369 0.000651
0.002377 0.000628
0.002388 0.000606
0.002403 0.000586
0.002423 0.000567
0.00245 0.000552
0.00249 0.000542
0.002544 0.000539
0.002592 0.000532
0.002634 0.000524
0.002677 0.000516
0.002717 0.000507
0.002019 0.000608
0.002369 0.000651
0.002377 0.000628
0.002388 0.000606
0.002402 0.000585
0.002423 0.000567
0.00245 0.000552
0.002491 0.000543
0.002545 0.000539
0.002592 0.000533
0.002635 0.000524
0.002678 0.000516
0.002718 0.000509
0.002368 0.000651
0.002377 0.000628
0.002388 0.000606
0.002403 0.000586
0.002423 0.000567
0.00245 0.000552
0.002491 0.000543
0.002543 0.000538
0.002592 0.000532
0.002635 0.000524
0.002678 0.000516
0.002369 0.000651
0.002377 0.000628
0.002388 0.000606
0.002403 0.000586
0.002423 0.000567
0.00245 0.000552
0.00249 0.000542
0.002544 0.000539
0.002591 0.000532
0.002635 0.000524
0.002679 0.000516
0.002717 0.000507
0.00201 0.000631
0.002369 0.000651
0.002377 0.000628
0.002388 0.000606
0.002403 0.000586
0.002423 0.000568
0.002451 0.000552
0.002491 0.000543
0.002544 0.000539
0.002592 0.000532
0.002636 0.000524
0.002678 0.000516
0.002717 0.000506
0.002369 0.000651
0.002377 0.000628
0.002388 0.000606
0.002403 0.000586
0.002423 0.000567
0.002451 0.000552
0.00249 0.000542
0.002545 0.000539
0.002592 0.000532
0.002637 0.000525
0.002678 0.000516
0.002716 0.000505
0.002755 0.000499
0.002369 0.000651
0.002377 0.000628
0.002388 0.000606
0.002403 0.000586
0.002424 0.000567
0.002451 0.000552
0.002491 0.000543
0.002545 0.000539
0.002593 0.000533
0.002635 0.000524
0.002679 0.000516
0.002716 0.000505
0.002752 0.000494
0.002369 0.000651
0.002377 0.000628
0.002388 0.000606
0.002403 0.000586
0.002423 0.000567
0.002451 0.000552
0.002491 0.000543
0.002544 0.000539
0.002592 0.000532
0.002637 0.000525
0.002678 0.000516
0.002715 0.000505
0.002752 0.000494
0.002001 0.000654
0.002368 0.000651
0.002377 0.000628
0.002388 0.000606
0.002403 0.000585
0.002423 0.000567
0.002451 0.000552
0.002491 0.000543
0.002544 0.000539
0.002592 0.000532
0.002637 0.000525
0.002679 0.000516
0.002715 0.000504
0.001993 0.000678
0.002363 0.000675
0.002368 0.000651
0.002376 0.000628
0.002388 0.000606
0.002403 0.000585
0.002423 0.000567
0.002451 0.000552
0.00249 0.000542
0.002546 0.000539
0.002593 0.000533
0.002636 0.000524
0.002677 0.000515
0.002711 0.000503
0.002362 0.000675
0.002368 0.000651
0.002376 0.000628
0.002388 0.000606
0.002403 0.000585
0.002423 0.000567
0.002451 0.000552
0.002489 0.000542
0.002542 0.000538
0.002593 0.000533
0.002636 0.000524
0.00267 0.000512
0.002693 0.000495
0.002368 0.000651
0.002376 0.000627
0.002388 0.000606
0.002402 0.000585
0.002423 0.000567
0.00245 0.000552
0.002489 0.000542
0.002546 0.000539
0.002593 0.000533
0.002621 0.000518
0.002635 0.000497
0.002646 0.000475
0.002368 0.000651
0.002376 0.000627
0.002387 0.000605
0.002402 0.000585
0.002423 0.000567
0.00245 0.000552
0.002491 0.000543
0.002567 0.000522
0.002581 0.000501
0.0026 0.000455
0.002608 0.000432
0.002387 0.000606
0.002402 0.000585
0.002424 0.000567
0.002456 0.000555
0.002404 0.000586
0.002423 0.000567
0.002456 0.000474
0.002467 0.000452
0.002477 0.000429
0.002484 0.000406
0.002288 0.000724
0.002299 0.000702
0.002308 0.000679
0.002388 0.000498
0.002416 0.00043
0.002424 0.000407
0.002432 0.000383
0.002234 0.0007
0.002242 0.000677
0.002253 0.000655
0.002333 0.000475
0.002342 0.000452
0.00237 0.000383
0.002379 0.000361
0.002277 0.000451
0.002287 0.000429
0.002319 0.000362
0.002327 0.000338
0.002339 0.000317
0.002109 0.000701
0.002119 0.000678
0.002223 0.000428
0.002234 0.000406
0.002243 0.000383
0.002254 0.000361
0.002264 0.000338
0.002274 0.000316
0.002283 0.000293
0.002059 0.000706
0.002068 0.000683
0.002077 0.00066
0.002174 0.000407
0.002183 0.000384
0.002193 0.000362
0.002201 0.000338
0.002212 0.000316
0.002221 0.000293
0.002024 0.000691
0.002033 0.000668
0.002042 0.000645
0.00205 0.000622
0.002058 0.000598
0.002067 0.000575
0.00215 0.000343
0.002157 0.000319
0.002167 0.000296
0.002175 0.000273
